0.1961
0.167
0.2061
0.1721
0.1928
0.2068
0.277
0.2874
0.2596
0.1764
0.1905
0.1956
0.1963
0.1938
0.2089
0.1961
0.167
0.2008
0.1956
0.2121
0.1911
0.2729
0.263
0.3165
0.3061
0.18
0.1966
0.2951
0.1946
0.2043
0.1986
0.1975
0.2044
0.209
0.1841
0.2085
0.2001
0.168
0.2054
0.194
0.1818
0.2118
0.1944
0.1941
0.1928
0.2141
0.2053
0.1964
0.1951
0.2115
0.2049
0.2001
0.2124
0.2079
0.1817
0.1618
0.1942
0.2055
0.2071
0.2067
0.1953
0.1978
0.206
0.1976
0.1949
0.2043
0.1801
0.2016
0.2039
0.1927
0.1991
0.1727
0.1951
0.2182
0.1765
0.1946
0.2074
0.1964
0.2159
0.2041
0.1965
0.2023
0.2159
0.2157
0.2138
0.1921
0.192
0.196
0.1839
0.2066
0.2039
0.1974
0.2191
0.2159
0.1761
0.2058
0.2054
0.1924
0.2002
0.2082
0.202
0.1961
0.2149
0.2056
0.215
0.2065
0.1989
0.1852
0.1724
0.2026
0.2482
0.1989
0.2078
0.2065
0.217
0.2145
0.2092
0.2056
0.2043
0.1858
0.184
0.1667
0.1873
0.2051
0.192
0.1945
0.1727
0.1945
0.2071
0.1768
0.206
0.2041
0.1814
0.2014
0.193
0.2047
0.1985
0.1913
0.2074
0.202
0.2596
0.1692
0.1977
0.1746
0.1838
0.1929
0.3203
0.1975
0.1503
0.1802
0.193
0.1946
0.4977
-0.2336
0.234
0.1938
0.2375
0.2285
0.2002
0.2488
0.2131
0.1408
0.3023
0.2835
0.2398
0.283
0.2572
0.2158
0.1887
0.2079
0.2174
0.2262
0.2055
0.255
0.2655
0.2959
0.3057
0.2413
0.2478
0.2248
0.216
0.109
0.2131
0.2165
0.2574
0.1883
0.2185
0.2091
0.2512
0.2611
0.2654
0.1692
0.232
0.2663
0.2366
0.2887
0.1532
0.2395
0.222
0.2558
0.2355
0.232
0.1969
0.1942
0.133
0.1267
0.1648
0.2015
0.2446
0.1798
0.1981
0.1647
0.1466
0.2051
0.2053
0.2
0.1886
0.1491
0.2038
0.1747
0.1681
0.2055
0.1743
0.2071
0.1132
0.1625
0.2696
0.1358
0.1473
0.2152
0.1244
0.1698
0.234
0.2053
0.2108
0.1604
0.1581
0.2206
0.1806
0.1527
0.1368
0.2274
0.1698
0.2402
0.1994
0.2117
0.2697
0.2182
0.1646
0.172
0.2232
0.2093
0.1972
0.2347
0.2053
0.2113
0.2196
0.2118
0.191
0.1558
0.1767
0.1382
0.1712
0.1765
0.1504
0.1765
0.1562
0.2187
0.2376
0.1995
0.2324
0.1595
0.1552
0.1906
0.2007
0.2025
0.2146
0.2022
0.1828
0.1558
0.1917
0.1625
0.2178
0.2217
0.2329
0.2397
0.1974
0.1478
0.1899
0.1756
0.1762
0.2056
0.1533
0.2112
0.2502
0.1871
0.2183
0.2619
0.1408
0.0839
0.1528
0.0908
0.2485
0.1758
0.1391
0.1116
0.2947
0.345
0.1179
0.2507
0.2613
0.2097
0.2854
0.1944
0.2533
0.2041
0.1702
0.2042
0.2
0.1789
0.072
0.197
0.188
0.2049
0.1499
0.2167
-0.0251
0.1642
0.1241
0.0537
0.2056
0.1641
0.3688
0.1879
0.169
0.2401
0.2397
0.1902
0.2072
0.203
0.1493
0.2275
0.2196
0.3015
0.1405
0.1303
0.4372
0.1461
0.3172
0.2493
0.1543
0.2314
0.1482
0.1761
0.2305
0.1725
0.0264
0.1827
-0.0565
0.134
-0.0491
0.1233
0.2529
0.2537
0.247
-0.2937
0.1545
0.0247
0.1993
0.1068
0.1773
-0.0314
-0.0078
0.1821
0.1825
0.1832
-0.0105
0.2228
0.2277
0.0828
0.1362
0.2257
0.2033
0.2401
0.1744
0.1933
-0.0013
0.1073
0.0323
0.3414
0.1556
0.1296
0.1784
-0.0362
0.2352
0.1211
0.0401
0.2376
0.1981
0.0448
0.1415
0.0755
0.1879
0.1657
0.1268
0.2163
0.0282
0.3723
0.2541
0.1288
0.1263
0.0087
0.2419
0.2021
0.3936
0.2254
0.3747
0.2631
0.1325
0.2038
0.1624
0.1091
0.3518
0.214
0.3941
0.0531
0.2814
0.2474
0.2366
0.2342
0.2071
0.2822
0.2554
0.1421
0.198
0.1608
-0.0003
0.075
0.1531
0.1642
0.16
0.2435
0.2129
0.1788
0.2086
0.1178
-0.0215
0.108
-0.0118
0.1344
-0.0888
0.1192
0.0539
0.0016
0.0933
0.1399
0.163
0.1655
0.066
0.1904
0.1888
0.0795
0.1096
0.1899
-0.2062
0.1933
0.0223
-0.0069
0.2762
0.1933
0.149
0.0091
0.2608
0.2089
0.0759
0.1955
0.0618
0.2352
0.11
0.1454
0.0279
0.1193
-0.2021
0.1149
0.1261
0.1354
-0.0165
0.1041
0.2038
0.1841
0.0538
0.1965
0.0416
0.0138
0.1256
0.0299
0.0326
0.1924
-0.0925
0.055
-0.4432
0.0699
-0.0003
0.1646
0.1969
-0.0363
0.046
0.2382
0.024
0.1712
0.1601
0.0843
0.0475
0.0215
0.0005
0.1597
0.0097
-0.014
-0.0015
0.0174
0.0945
0.1086
0.0552
0.0563
-1.126
-1.9296
0.3469
0.2123
-0.0192
0.1405
0.0296
-0.0297
-0.0042
-0.1713
-1.2032
0.0125
-0.1871
0.0186
0.0933
0.1432
-0.1269
0.1056
0.1387
0.0821
0.1477
2.6801
0.2321
0.6576
-0.0587
0.1007
0.1328
-0.1708
0.0718
0.12
0.1011
0.1795
0.027
0.1883
0.2085
0.2404
0.0965
0.2004
0.2106
0.1785
0.2088
0.0485
0.1809
0.0393
-0.0098
-0.5069
0.1527
-0.173
0.0436
-0.0075
0.0469
0.3652
0.1815
0.0318
0.1286
0.1848
0.0484
-0.0472
0.0007
-0.0047
0.1365
0.0848
0.2803
0.0903
0.2112
0.184
0.1982
0.1617
-1.0334
-0.4745
0.1111
0.5467
-0.6083
0.0328
-0.2721
0.0119
0.1203
-0.0178
0.1016
0.1827
0.2
0.1829
0.2149
0.1535
0.2502
0.1721
0.2224
0.2166
0.2191
0.1794
0.1508
0.1485
0.2214
0.0414
0.1654
0.1794
0.0099
0.0738
0.1571
0.0902
0.0057
0.1943
0.2336
0.1416
0.182
0.1676
0.1426
0.1416
0.0853
-0.0229
0.1984
0.2873
0.1905
0.1652
0.2209
-0.049
0.1764
0.1944
0.2242
0.1836
-0.016
0.2268
0.1415
0.1456
0.1275
0.2077
0.2236
0.1952
0.1869
0.167
0.2674
0.1829
0.1938
0.2719
0.1972
0.2477
0.2016
0.1968
0.3106
0.1867
0.1771
0.3172
0.24
0.1451
0.2021
0.2563
0.1844
0.2039
0.3185
0.1764
0.261
0.2665
0.3135
0.1712
0.2345
0.188
0.2085
0.1945
0.2078
0.181
0.203
0.231
0.2027
0.1937
0.2172
0.2659
0.1666
0.1976
0.323
0.1912
0.1787
0.2046
0.1865
0.1883
0.2006
0.3079
0.1944
0.2546
0.1993
0.1719
0.1906
0.1569
0.1907
0.3086
0.2043
0.1928
0.1972
0.166
0.2022
0.3001
0.2563
0.1599
0.1929
0.1873
0.3243
0.2124
0.2896
0.275
0.167
0.2302
0.1873
0.2705
0.177
0.2645
0.185
0.3058
0.2924
0.3186
0.1812
0.315
0.2103
0.1885
0.265
0.2066
0.1824
0.1578
0.0768
0.2258
0.1223
0.3188
0.1218
0.0768
0.1123
-0.1093
0.2189
0.374
0.2344
0.4866
0.1748
0.4017
0.2515
0.1636
0.1705
0.1877
0.2536
0.3185
0.2548
0.2581
0.1211
0.1335
0.1741
0.2197
0.0972
0.1849
0.2515
0.358
0.1377
0.2322
0.1217
0.1716
0.1968
0.3815
0.1628
0.3782
0.2788
0.1055
0.1442
0.1484
0.1416
0.0673
0.1042
0.2758
0.236
0.1372
0.0385
0.2306
0.3483
0.2522
0.1998
0.1858
0.0962
0.194
0.2277
0.2267
0.1575
0.0226
0.2606
0.3479
0.2919
0.1806
0.1623
0.265
0.2
0.2069
0.1113
0.0628
0.0749
0.1713
0.2043
0.1972
0.1187
0.2513
0.1611
0.147
0.2186
0.2229
0.105
0.0822
0.3427
0.2922
0.1688
0.1675
0.2503
0.2395
0.2932
0.1599
0.1831
0.2077
0.1924
0.1985
0.1199
0.2018
0.118
0.1459
0.1769
0.101
0.0784
0.1345
0.0351
0.03
0.1609
0.2272
0.2153
0.1636
0.2176
0.1278
0.2159
0.1252
0.1525
0.0335
0.2001
0.2051
0.1483
0.2001
0.2056
0.1925
0.1719
0.173
0.1891
0.1386
-2.5732
0.0813
0.1894
0.2706
0.2242
0.1741
0.2008
0.1307
0.2102
0.127
0.2955
0.1785
0.2135
0.1391
0.0454
0.1175
0.2747
0.1348
0.2215
0.2502
0.0406
0.2425
0.2061
0.1721
0.1928
0.2068
0.277
0.2874
0.2596
0.1764
0.1905
0.1956
0.1963
0.1938
0.2089
0.1961
0.167
0.2008
0.1956
0.2121
0.1911
0.2729
0.263
0.3165
0.3061
0.18
0.1966
0.2951
0.1946
0.2043
0.1986
0.1975
0.2044
0.209
0.1841
0.2085
0.2001
0.168
0.2054
0.194
0.1818
0.2118
0.1944
0.1941
0.1928
0.2141
0.2053
0.1964
0.1951
0.2115
0.2049
0.2001
0.2124
0.2079
0.1817
0.1618
0.1942
0.2055
0.2071
0.2067
0.1953
0.1978
0.206
0.1976
0.1949
0.2043
0.1801
0.2016
0.2039
0.1927
0.1991
0.1727
0.1951
0.2182
0.1765
0.1946
0.2074
0.1964
0.2159
0.2041
0.1965
0.2023
0.2159
0.2157
0.2138
0.1921
0.192
0.196
0.1839
0.2066
0.2039
0.1974
0.2191
0.2159
0.1761
0.2058
0.2054
0.1924
0.2002
0.2082
0.202
0.1961
0.2149
0.2056
0.215
0.2065
0.1989
0.1852
0.1724
0.2026
0.2482
0.1989
0.2078
0.2065
0.217
0.2145
0.2092
0.2056
0.2043
0.1858
0.184
0.1667
0.1873
0.2051
0.192
0.1945
0.1727
0.1945
0.2071
0.1768
0.206
0.2041
0.1814
0.2014
0.193
0.2047
0.1985
0.1913
0.2074
0.202
0.2596
0.1692
0.1977
0.1746
0.1838
0.1929
0.3203
0.1975
0.1503
0.1802
0.193
0.1946
0.4977
-0.2336
0.234
0.1938
0.2375
0.2285
0.2002
0.2488
0.2131
0.1408
0.3023
0.2835
0.2398
0.283
0.2572
0.2158
0.1887
0.2079
0.2174
0.2262
0.2055
0.255
0.2655
0.2959
0.3057
0.2413
0.2478
0.2248
0.216
0.109
0.2131
0.2165
0.2574
0.1883
0.2185
0.2091
0.2512
0.2611
0.2654
0.1692
0.232
0.2663
0.2366
0.2887
0.1532
0.2395
0.222
0.2558
0.2355
0.232
0.1969
0.1942
0.133
0.1267
0.1648
0.2015
0.2446
0.1798
0.1981
0.1647
0.1466
0.2051
0.2053
0.2
0.1886
0.1491
0.2038
0.1747
0.1681
0.2055
0.1743
0.2071
0.1132
0.1625
0.2696
0.1358
0.1473
0.2152
0.1244
0.1698
0.234
0.2053
0.2108
0.1604
0.1581
0.2206
0.1806
0.1527
0.1368
0.2274
0.1698
0.2402
0.1994
0.2117
0.2697
0.2182
0.1646
0.172
0.2232
0.2093
0.1972
0.2347
0.2053
0.2113
0.2196
0.2118
0.191
0.1558
0.1767
0.1382
0.1712
0.1765
0.1504
0.1765
0.1562
0.2187
0.2376
0.1995
0.2324
0.1595
0.1552
0.1906
0.2007
0.2025
0.2146
0.2022
0.1828
0.1558
0.1917
0.1625
0.2178
0.2217
0.2329
0.2397
0.1974
0.1478
0.1899
0.1756
0.1762
0.2056
0.1533
0.2112
0.2502
0.1871
0.2183
0.2619
0.1408
0.0839
0.1528
0.0908
0.2485
0.1758
0.1391
0.1116
0.2947
0.345
0.1179
0.2507
0.2613
0.2097
0.2854
0.1944
0.2533
0.2041
0.1702
0.2042
0.2
0.1789
0.072
0.197
0.188
0.2049
0.1499
0.2167
-0.0251
0.1642
0.1241
0.0537
0.2056
0.1641
0.3688
0.1879
0.169
0.2401
0.2397
0.1902
0.2072
0.203
0.1493
0.2275
0.2196
0.3015
0.1405
0.1303
0.4372
0.1461
0.3172
0.2493
0.1543
0.2314
0.1482
0.1761
0.2305
0.1725
0.0264
0.1827
-0.0565
0.134
-0.0491
0.1233
0.2529
0.2537
0.247
-0.2937
0.1545
0.0247
0.1993
0.1068
0.1773
-0.0314
-0.0078
0.1821
0.1825
0.1832
-0.0105
0.2228
0.2277
0.0828
0.1362
0.2257
0.2033
0.2401
0.1744
0.1933
-0.0013
0.1073
0.0323
0.3414
0.1556
0.1296
0.1784
-0.0362
0.2352
0.1211
0.0401
0.2376
0.1981
0.0448
0.1415
0.0755
0.1879
0.1657
0.1268
0.2163
0.0282
0.3723
0.2541
0.1288
0.1263
0.0087
0.2419
0.2021
0.3936
0.2254
0.3747
0.2631
0.1325
0.2038
0.1624
0.1091
0.3518
0.214
0.3941
0.0531
0.2814
0.2474
0.2366
0.2342
0.2071
0.2822
0.2554
0.1421
0.198
0.1608
-0.0003
0.075
0.1531
0.1642
0.16
0.2435
0.2129
0.1788
0.2086
0.1178
-0.0215
0.108
-0.0118
0.1344
-0.0888
0.1192
0.0539
0.0016
0.0933
0.1399
0.163
0.1655
0.066
0.1904
0.1888
0.0795
0.1096
0.1899
-0.2062
0.1933
0.0223
-0.0069
0.2762
0.1933
0.149
0.0091
0.2608
0.2089
0.0759
0.1955
0.0618
0.2352
0.11
0.1454
0.0279
0.1193
-0.2021
0.1149
0.1261
0.1354
-0.0165
0.1041
0.2038
0.1841
0.0538
0.1965
0.0416
0.0138
0.1256
0.0299
0.0326
0.1924
-0.0925
0.055
-0.4432
0.0699
-0.0003
0.1646
0.1969
-0.0363
0.046
0.2382
0.024
0.1712
0.1601
0.0843
0.0475
0.0215
0.0005
0.1597
0.0097
-0.014
-0.0015
0.0174
0.0945
0.1086
0.0552
0.0563
-1.126
-1.9296
0.3469
0.2123
-0.0192
0.1405
0.0296
-0.0297
-0.0042
-0.1713
-1.2032
0.0125
-0.1871
0.0186
0.0933
0.1432
-0.1269
0.1056
0.1387
0.0821
0.1477
2.6801
0.2321
0.6576
-0.0587
0.1007
0.1328
-0.1708
0.0718
0.12
0.1011
0.1795
0.027
0.1883
0.2085
0.2404
0.0965
0.2004
0.2106
0.1785
0.2088
0.0485
0.1809
0.0393
-0.0098
-0.5069
0.1527
-0.173
0.0436
-0.0075
0.0469
0.3652
0.1815
0.0318
0.1286
0.1848
0.0484
-0.0472
0.0007
-0.0047
0.1365
0.0848
0.2803
0.0903
0.2112
0.184
0.1982
0.1617
-1.0334
-0.4745
0.1111
0.5467
-0.6083
0.0328
-0.2721
0.0119
0.1203
-0.0178
0.1016
0.1827
0.2
0.1829
0.2149
0.1535
0.2502
0.1721
0.2224
0.2166
0.2191
0.1794
0.1508
0.1485
0.2214
0.0414
0.1654
0.1794
0.0099
0.0738
0.1571
0.0902
0.0057
0.1943
0.2336
0.1416
0.182
0.1676
0.1426
0.1416
0.0853
-0.0229
0.1984
0.2873
0.1905
0.1652
0.2209
-0.049
0.1764
0.1944
0.2242
0.1836
-0.016
0.2268
0.1415
0.1456
0.1275
0.2077
0.2236
0.1952
0.1869
0.167
0.2674
0.1829
0.1938
0.2719
0.1972
0.2477
0.2016
0.1968
0.3106
0.1867
0.1771
0.3172
0.24
0.1451
0.2021
0.2563
0.1844
0.2039
0.3185
0.1764
0.261
0.2665
0.3135
0.1712
0.2345
0.188
0.2085
0.1945
0.2078
0.181
0.203
0.231
0.2027
0.1937
0.2172
0.2659
0.1666
0.1976
0.323
0.1912
0.1787
0.2046
0.1865
0.1883
0.2006
0.3079
0.1944
0.2546
0.1993
0.1719
0.1906
0.1569
0.1907
0.3086
0.2043
0.1928
0.1972
0.166
0.2022
0.3001
0.2563
0.1599
0.1929
0.1873
0.3243
0.2124
0.2896
0.275
0.167
0.2302
0.1873
0.2705
0.177
0.2645
0.185
0.3058
0.2924
0.3186
0.1812
0.315
0.2103
0.1885
0.265
0.2066
0.1824
0.1578
0.0768
0.2258
0.1223
0.3188
0.1218
0.0768
0.1123
-0.1093
0.2189
0.374
0.2344
0.4866
0.1748
0.4017
0.2515
0.1636
0.1705
0.1877
0.2536
0.3185
0.2548
0.2581
0.1211
0.1335
0.1741
0.2197
0.0972
0.1849
0.2515
0.358
0.1377
0.2322
0.1217
0.1716
0.1968
0.3815
0.1628
0.3782
0.2788
0.1055
0.1442
0.1484
0.1416
0.0673
0.1042
0.2758
0.236
0.1372
0.0385
0.2306
0.3483
0.2522
0.1998
0.1858
0.0962
0.194
0.2277
0.2267
0.1575
0.0226
0.2606
0.3479
0.2919
0.1806
0.1623
0.265
0.2
0.2069
0.1113
0.0628
0.0749
0.1713
0.2043
0.1972
0.1187
0.2513
0.1611
0.147
0.2186
0.2229
0.105
0.0822
0.3427
0.2922
0.1688
0.1675
0.2503
0.2395
0.2932
0.1599
0.1831
0.2077
0.1924
0.1985
0.1199
0.2018
0.118
0.1459
0.1769
0.101
0.0784
0.1345
0.0351
0.03
0.1609
0.2272
0.2153
0.1636
0.2176
0.1278
0.2159
0.1252
0.1525
0.0335
0.2001
0.2051
0.1483
0.2001
0.2056
0.1925
0.1719
0.173
0.1891
0.1386
-2.5732
0.0813
0.1894
0.2706
0.2242
0.1741
0.2008
0.1307
0.2102
0.127
0.2955
0.1785
0.2135
0.1391
0.0454
0.1175
0.2747
0.1348
0.2215
0.2502
0.0406
0.2425
